# Made in Blockbench 4.8.3
mtllib desert_archer_model.mtl

o Head
v 0.02287619795469298 1.9603407591307684 0.4031911023944418
v 0.3068734129052042 2.0299273096108013 -0.002398954057442837
v 0.06278940359699225 1.4652067247599836 0.3461891373137038
v 0.3467866185475036 1.5347932752400162 -0.0594009191381808
v -0.10270260923929164 2.0299273096108013 -0.28918717223296586
v -0.38669982418980287 1.9603407591307684 0.11640288421891876
v -0.06278940359699231 1.5347932752400162 -0.3461891373137038
v -0.3467866185475036 1.4652067247599836 0.0594009191381808
vt 0.125 0.875
vt 0.25 0.875
vt 0.25 0.75
vt 0.125 0.75
vt 0 0.875
vt 0.125 0.875
vt 0.125 0.75
vt 0 0.75
vt 0.375 0.875
vt 0.5 0.875
vt 0.5 0.75
vt 0.375 0.75
vt 0.25 0.875
vt 0.375 0.875
vt 0.375 0.75
vt 0.25 0.75
vt 0.25 0.875
vt 0.125 0.875
vt 0.125 1
vt 0.25 1
vt 0.375 1
vt 0.25 1
vt 0.25 0.875
vt 0.375 0.875
vn 0.5679944299010226 0.13917310096006544 -0.8111801129037692
vn 0.8191520442889918 0 0.573576436351046
vn -0.5679944299010226 -0.13917310096006544 0.8111801129037692
vn -0.8191520442889918 0 -0.573576436351046
vn -0.07982641128459868 0.9902680687415703 0.11400393016147588
vn 0.07982641128459868 -0.9902680687415703 -0.11400393016147588
usemtl m_465d6a98-b4aa-75d0-9558-be6b8d9e9c44
f 4/4/1 7/3/1 5/2/1 2/1/1
f 3/8/2 4/7/2 2/6/2 1/5/2
f 8/12/3 3/11/3 1/10/3 6/9/3
f 7/16/4 8/15/4 6/14/4 5/13/4
f 6/20/5 1/19/5 2/18/5 5/17/5
f 7/24/6 4/23/6 3/22/6 8/21/6
o Hat Layer
v 0.02823029805167332 1.9869374768739405 0.45002736737620086
v 0.34772716487099853 2.0652223461639774 -0.00626144613216939
v 0.07313265439926009 1.4299116882068075 0.3859001566603707
v 0.3926295212185853 1.5081965574968441 -0.07038865684799955
v -0.11304586004155937 2.0652223461639774 -0.32889819157963274
v -0.4325427268608846 1.9869374768739405 0.1273906219287375
v -0.0681435036939726 1.5081965574968441 -0.3930254022954629
v -0.3876403705132978 1.4299116882068075 0.06326341121290735
vt 0.625 0.875
vt 0.75 0.875
vt 0.75 0.75
vt 0.625 0.75
vt 0.5 0.875
vt 0.625 0.875
vt 0.625 0.75
vt 0.5 0.75
vt 0.875 0.875
vt 1 0.875
vt 1 0.75
vt 0.875 0.75
vt 0.75 0.875
vt 0.875 0.875
vt 0.875 0.75
vt 0.75 0.75
vt 0.75 0.875
vt 0.625 0.875
vt 0.625 1
vt 0.75 1
vt 0.875 1
vt 0.75 1
vt 0.75 0.875
vt 0.875 0.875
vn 0.5679944299010226 0.13917310096006544 -0.8111801129037692
vn 0.8191520442889918 0 0.573576436351046
vn -0.5679944299010226 -0.13917310096006544 0.8111801129037692
vn -0.8191520442889918 0 -0.573576436351046
vn -0.07982641128459868 0.9902680687415703 0.11400393016147588
vn 0.07982641128459868 -0.9902680687415703 -0.11400393016147588
usemtl m_465d6a98-b4aa-75d0-9558-be6b8d9e9c44
f 12/28/7 15/27/7 13/26/7 10/25/7
f 11/32/8 12/31/8 10/30/8 9/29/8
f 16/36/9 11/35/9 9/34/9 14/33/9
f 15/40/10 16/39/10 14/38/10 13/37/10
f 14/44/11 9/43/11 10/42/11 13/41/11
f 15/48/12 12/47/12 11/46/12 16/45/12
o Body
v 0.25 1.5043624370878126 0.12492385337738698
v 0.25 1.4956375629121874 -0.12492385337738698
v 0.25 0.7548193168234909 0.15109847590426262
v 0.25 0.7460944426478657 -0.09874923085051124
v -0.25 1.4956375629121874 -0.12492385337738698
v -0.25 1.5043624370878126 0.12492385337738698
v -0.25 0.7460944426478657 -0.09874923085051124
v -0.25 0.7548193168234909 0.15109847590426262
vt 0.3125 0.6875
vt 0.4375 0.6875
vt 0.4375 0.5
vt 0.3125 0.5
vt 0.25 0.6875
vt 0.3125 0.6875
vt 0.3125 0.5
vt 0.25 0.5
vt 0.5 0.6875
vt 0.625 0.6875
vt 0.625 0.5
vt 0.5 0.5
vt 0.4375 0.6875
vt 0.5 0.6875
vt 0.5 0.5
vt 0.4375 0.5
vt 0.4375 0.6875
vt 0.3125 0.6875
vt 0.3125 0.75
vt 0.4375 0.75
vt 0.5625 0.75
vt 0.4375 0.75
vt 0.4375 0.6875
vt 0.5625 0.6875
vn 0 -0.03489949670250097 -0.9993908270190958
vn 1 0 0
vn 0 0.03489949670250097 0.9993908270190958
vn -1 0 0
vn 0 0.9993908270190958 -0.03489949670250097
vn 0 -0.9993908270190958 0.03489949670250097
usemtl m_465d6a98-b4aa-75d0-9558-be6b8d9e9c44
f 20/52/13 23/51/13 21/50/13 18/49/13
f 19/56/14 20/55/14 18/54/14 17/53/14
f 24/60/15 19/59/15 17/58/15 22/57/15
f 23/64/16 24/63/16 22/62/16 21/61/16
f 22/68/17 17/67/17 18/66/17 21/65/17
f 23/72/18 20/71/18 19/70/18 24/69/18
o Body Layer
v 0.265625 1.520523223395963 0.13999403041358383
v 0.265625 1.5107077399483844 -0.14108463968553692
v 0.265625 0.739749139787294 0.16725926221241272
v 0.265625 0.7299336563397159 -0.11381940788670802
v -0.265625 1.5107077399483844 -0.14108463968553692
v -0.265625 1.520523223395963 0.13999403041358383
v -0.265625 0.7299336563397159 -0.11381940788670802
v -0.265625 0.739749139787294 0.16725926221241272
vt 0.3125 0.4375
vt 0.4375 0.4375
vt 0.4375 0.25
vt 0.3125 0.25
vt 0.25 0.4375
vt 0.3125 0.4375
vt 0.3125 0.25
vt 0.25 0.25
vt 0.5 0.4375
vt 0.625 0.4375
vt 0.625 0.25
vt 0.5 0.25
vt 0.4375 0.4375
vt 0.5 0.4375
vt 0.5 0.25
vt 0.4375 0.25
vt 0.4375 0.4375
vt 0.3125 0.4375
vt 0.3125 0.5
vt 0.4375 0.5
vt 0.5625 0.5
vt 0.4375 0.5
vt 0.4375 0.4375
vt 0.5625 0.4375
vn 0 -0.03489949670250097 -0.9993908270190958
vn 1 0 0
vn 0 0.03489949670250097 0.9993908270190958
vn -1 0 0
vn 0 0.9993908270190958 -0.03489949670250097
vn 0 -0.9993908270190958 0.03489949670250097
usemtl m_465d6a98-b4aa-75d0-9558-be6b8d9e9c44
f 28/76/19 31/75/19 29/74/19 26/73/19
f 27/80/20 28/79/20 26/78/20 25/77/20
f 32/84/21 27/83/21 25/82/21 30/81/21
f 31/88/22 32/87/22 30/86/22 29/85/22
f 30/92/23 25/91/23 26/90/23 29/89/23
f 31/96/24 28/95/24 27/94/24 32/93/24
o Right Arm
v 0.3925355713347938 1.2931357005867938 0.09639874121338421
v 0.3922930510832765 1.5414319577029376 0.12553479938949286
v 0.6132371801427994 1.3768863517056174 -0.6154837127821693
v 0.6129946598912821 1.6251826088217607 -0.5863476546060604
v 0.15336250084722836 1.5497755963722666 0.052441873208808776
v 0.15360502109874563 1.3014793392561232 0.023305815032700128
v 0.37406410965523396 1.6335262474910905 -0.6594405807867447
v 0.37430662990675123 1.385229990374947 -0.6885766389628534
vt 0.6875 0.6875
vt 0.75 0.6875
vt 0.75 0.5
vt 0.6875 0.5
vt 0.625 0.6875
vt 0.6875 0.6875
vt 0.6875 0.5
vt 0.625 0.5
vt 0.8125 0.6875
vt 0.875 0.6875
vt 0.875 0.5
vt 0.8125 0.5
vt 0.75 0.6875
vt 0.8125 0.6875
vt 0.8125 0.5
vt 0.75 0.5
vt 0.75 0.6875
vt 0.6875 0.6875
vt 0.6875 0.75
vt 0.75 0.75
vt 0.8125 0.75
vt 0.75 0.75
vt 0.75 0.6875
vt 0.8125 0.6875
vn -0.0009700810060690457 0.9931850284645738 0.11654423270443486
vn 0.9557222009441926 -0.033374554677318 0.2923717047227367
vn 0.0009700810060690457 -0.9931850284645738 -0.11654423270443486
vn -0.9557222009441926 0.033374554677318 -0.2923717047227367
vn -0.2942688117440075 -0.11166753482509832 0.9491766053274044
vn 0.2942688117440075 0.11166753482509832 -0.9491766053274044
usemtl m_465d6a98-b4aa-75d0-9558-be6b8d9e9c44
f 36/100/25 39/99/25 37/98/25 34/97/25
f 35/104/26 36/103/26 34/102/26 33/101/26
f 40/108/27 35/107/27 33/106/27 38/105/27
f 39/112/28 40/111/28 38/110/28 37/109/28
f 38/116/29 33/115/29 34/114/29 37/113/29
f 39/120/30 36/119/30 35/118/30 40/117/30
o Right Arm Layer
v 0.40288593805676653 1.2753509018685596 0.11397692992191089
v 0.4026131027738097 1.5546841911242213 0.14675499537003334
v 0.6327834472317724 1.3625911634506676 -0.6275672929901239
v 0.6325106119488155 1.6419244527063288 -0.5947892275420015
v 0.13381623375825547 1.5640707846272166 0.06452545341676363
v 0.13408906904121243 1.2847374953715553 0.03174738796864118
v 0.3637137429332613 1.6513110462093246 -0.6770187694952712
v 0.36398657821621816 1.3719777569536633 -0.7097968349433936
vt 0.6875 0.4375
vt 0.75 0.4375
vt 0.75 0.25
vt 0.6875 0.25
vt 0.625 0.4375
vt 0.6875 0.4375
vt 0.6875 0.25
vt 0.625 0.25
vt 0.8125 0.4375
vt 0.875 0.4375
vt 0.875 0.25
vt 0.8125 0.25
vt 0.75 0.4375
vt 0.8125 0.4375
vt 0.8125 0.25
vt 0.75 0.25
vt 0.75 0.4375
vt 0.6875 0.4375
vt 0.6875 0.5
vt 0.75 0.5
vt 0.8125 0.5
vt 0.75 0.5
vt 0.75 0.4375
vt 0.8125 0.4375
vn -0.0009700810060690457 0.9931850284645738 0.11654423270443486
vn 0.9557222009441926 -0.033374554677318 0.2923717047227367
vn 0.0009700810060690457 -0.9931850284645738 -0.11654423270443486
vn -0.9557222009441926 0.033374554677318 -0.2923717047227367
vn -0.2942688117440075 -0.11166753482509832 0.9491766053274044
vn 0.2942688117440075 0.11166753482509832 -0.9491766053274044
usemtl m_465d6a98-b4aa-75d0-9558-be6b8d9e9c44
f 44/124/31 47/123/31 45/122/31 42/121/31
f 43/128/32 44/127/32 42/126/32 41/125/32
f 48/132/33 43/131/33 41/130/33 46/129/33
f 47/136/34 48/135/34 46/134/34 45/133/34
f 46/140/35 41/139/35 42/138/35 45/137/35
f 47/144/36 44/143/36 43/142/36 48/141/36
o Left Arm
v -0.35682222712426737 1.2289504504059219 0.10890968389501354
v -0.35607469746594034 1.4751346662231923 0.15241569591456672
v 0.17252282630526428 1.319853083474042 -0.4145695666116028
v 0.1732703559635913 1.5660372992913123 -0.37106355459204965
v -0.5331775505718799 1.5063626775862176 -0.021248896700182596
v -0.5339250802302069 1.2601784617689469 -0.06475490871973577
v -0.0038324971423480125 1.5972653106543375 -0.544728147206799
v -0.004580026800675041 1.3510810948370673 -0.5882341592263521
vt 0.5625 0.1875
vt 0.625 0.1875
vt 0.625 0
vt 0.5625 0
vt 0.5 0.1875
vt 0.5625 0.1875
vt 0.5625 0
vt 0.5 0
vt 0.6875 0.1875
vt 0.75 0.1875
vt 0.75 0
vt 0.6875 0
vt 0.625 0.1875
vt 0.6875 0.1875
vt 0.6875 0
vt 0.625 0
vt 0.625 0.1875
vt 0.5625 0.1875
vt 0.5625 0.25
vt 0.625 0.25
vt 0.6875 0.25
vt 0.625 0.25
vt 0.625 0.1875
vt 0.6875 0.1875
vn 0.0029901186333085453 0.984736863269082 0.1740240480782131
vn 0.7084114124237575 -0.12491204545210033 0.6946583704589973
vn -0.0029901186333085453 -0.984736863269082 -0.1740240480782131
vn -0.7084114124237575 0.12491204545210033 -0.6946583704589973
vn -0.705793404572709 -0.12120351075749353 0.6979723340088219
vn 0.705793404572709 0.12120351075749353 -0.6979723340088219
usemtl m_465d6a98-b4aa-75d0-9558-be6b8d9e9c44
f 52/148/37 55/147/37 53/146/37 50/145/37
f 51/152/38 52/151/38 50/150/38 49/149/38
f 56/156/39 51/155/39 49/154/39 54/153/39
f 55/160/40 56/159/40 54/158/40 53/157/40
f 54/164/41 49/163/41 50/162/41 53/161/41
f 55/168/42 52/167/42 51/166/42 56/165/42
o Left Arm Layer
v -0.35682804135524004 1.2097183813515677 0.12795041290110087
v -0.3559870704896222 1.4866756241459969 0.1768946764230983
v 0.19457305596718866 1.3044086241308595 -0.417340473043291
v 0.19541402683280673 1.5813658669252888 -0.3683962095212936
v -0.5552277802338041 1.5218071369294002 -0.018477990268494615
v -0.556068751099422 1.2448498941349708 -0.06742225379049205
v -0.003826682911375112 1.616497379708692 -0.5637688762128865
v -0.004667653776993186 1.3395401369142628 -0.612713139734884
vt 0.8125 0.1875
vt 0.875 0.1875
vt 0.875 0
vt 0.8125 0
vt 0.75 0.1875
vt 0.8125 0.1875
vt 0.8125 0
vt 0.75 0
vt 0.9375 0.1875
vt 1 0.1875
vt 1 0
vt 0.9375 0
vt 0.875 0.1875
vt 0.9375 0.1875
vt 0.9375 0
vt 0.875 0
vt 0.875 0.1875
vt 0.8125 0.1875
vt 0.8125 0.25
vt 0.875 0.25
vt 0.9375 0.25
vt 0.875 0.25
vt 0.875 0.1875
vt 0.9375 0.1875
vn 0.0029901186333085453 0.984736863269082 0.1740240480782131
vn 0.7084114124237575 -0.12491204545210033 0.6946583704589973
vn -0.0029901186333085453 -0.984736863269082 -0.1740240480782131
vn -0.7084114124237575 0.12491204545210033 -0.6946583704589973
vn -0.705793404572709 -0.12120351075749353 0.6979723340088219
vn 0.705793404572709 0.12120351075749353 -0.6979723340088219
usemtl m_465d6a98-b4aa-75d0-9558-be6b8d9e9c44
f 60/172/43 63/171/43 61/170/43 58/169/43
f 59/176/44 60/175/44 58/174/44 57/173/44
f 64/180/45 59/179/45 57/178/45 62/177/45
f 63/184/46 64/183/46 62/182/46 61/181/46
f 62/188/47 57/187/47 58/186/47 61/185/47
f 63/192/48 60/191/48 59/190/48 64/189/48
o Right Leg
v 0.24582242329621817 0.7186145544352747 0.1138919679452195
v 0.2439938088977236 0.7511431012640744 -0.13397604090341797
v 0.24880007884597877 -0.025000669725868452 0.0162828906870065
v 0.2469714644474842 0.007527877102931124 -0.23158511816163097
v -0.0059975329727636195 0.7499210280424018 -0.13229213863961747
v -0.004168918574269098 0.7173924812136023 0.11557587020901994
v -0.003019877423003081 0.006305803881258565 -0.2299012158978304
v -0.0011912630245085598 -0.026222742947540956 0.017966792950806942
vt 0.0625 0.6875
vt 0.125 0.6875
vt 0.125 0.5
vt 0.0625 0.5
vt 0 0.6875
vt 0.0625 0.6875
vt 0.0625 0.5
vt 0 0.5
vt 0.1875 0.6875
vt 0.25 0.6875
vt 0.25 0.5
vt 0.1875 0.5
vt 0.125 0.6875
vt 0.1875 0.6875
vt 0.1875 0.5
vt 0.125 0.5
vt 0.125 0.6875
vt 0.0625 0.6875
vt 0.0625 0.75
vt 0.125 0.75
vt 0.1875 0.75
vt 0.125 0.75
vt 0.125 0.6875
vt 0.1875 0.6875
vn -0.007314457593978133 0.13011418731519817 -0.9914720353945499
vn 0.9999653674819491 0.00488829288668996 -0.006735609055202062
vn 0.007314457593978133 -0.13011418731519817 0.9914720353945499
vn -0.9999653674819491 -0.00488829288668996 0.006735609055202062
vn -0.003970207399680689 0.991486965548191 0.130145436344284
vn 0.003970207399680689 -0.991486965548191 -0.130145436344284
usemtl m_465d6a98-b4aa-75d0-9558-be6b8d9e9c44
f 68/196/49 71/195/49 69/194/49 66/193/49
f 67/200/50 68/199/50 66/198/50 65/197/50
f 72/204/51 67/203/51 65/202/51 70/201/51
f 71/208/52 72/207/52 70/206/52 69/205/52
f 70/212/53 65/211/53 66/210/53 69/209/53
f 71/216/54 68/215/54 67/214/54 72/213/54
o Right Leg Layer
v 0.2614991360724096 0.7321498836715197 0.13131199704965124
v 0.2594419448741032 0.7687444988539194 -0.14753951290506595
v 0.26460086060341015 -0.04244930816300441 0.029635874905679316
v 0.26254366940510376 -0.005854692980604925 -0.24921563504903776
v -0.021798314730195 0.7673696664795377 -0.14564512285829034
v -0.019741123531888616 0.7307750512971383 0.13320638709642674
v -0.01869659019919445 -0.0072295253549864436 -0.2473212450022622
v -0.016639399000888067 -0.043824140537385925 0.03153026495245492
vt 0.0625 0.4375
vt 0.125 0.4375
vt 0.125 0.25
vt 0.0625 0.25
vt 0 0.4375
vt 0.0625 0.4375
vt 0.0625 0.25
vt 0 0.25
vt 0.1875 0.4375
vt 0.25 0.4375
vt 0.25 0.25
vt 0.1875 0.25
vt 0.125 0.4375
vt 0.1875 0.4375
vt 0.1875 0.25
vt 0.125 0.25
vt 0.125 0.4375
vt 0.0625 0.4375
vt 0.0625 0.5
vt 0.125 0.5
vt 0.1875 0.5
vt 0.125 0.5
vt 0.125 0.4375
vt 0.1875 0.4375
vn -0.007314457593978133 0.13011418731519817 -0.9914720353945499
vn 0.9999653674819491 0.00488829288668996 -0.006735609055202062
vn 0.007314457593978133 -0.13011418731519817 0.9914720353945499
vn -0.9999653674819491 -0.00488829288668996 0.006735609055202062
vn -0.003970207399680689 0.991486965548191 0.130145436344284
vn 0.003970207399680689 -0.991486965548191 -0.130145436344284
usemtl m_465d6a98-b4aa-75d0-9558-be6b8d9e9c44
f 76/220/55 79/219/55 77/218/55 74/217/55
f 75/224/56 76/223/56 74/222/56 73/221/56
f 80/228/57 75/227/57 73/226/57 78/225/57
f 79/232/58 80/231/58 78/230/58 77/229/58
f 78/236/59 73/235/59 74/234/59 77/233/59
f 79/240/60 76/239/60 75/238/60 80/237/60
o Left Leg
v 0.006249999999999978 0.8086839453482364 0.11036844910736587
v 0.006249999999999978 0.6913160546517636 -0.11036844910736587
v 0.006249999999999978 0.14647325070404116 0.46247212119678394
v 0.006249999999999978 0.02910536000756836 0.2417352229820522
v -0.24375000000000002 0.6913160546517636 -0.11036844910736587
v -0.24375000000000002 0.8086839453482364 0.11036844910736587
v -0.24375000000000002 0.02910536000756836 0.2417352229820522
v -0.24375000000000002 0.14647325070404116 0.46247212119678394
vt 0.3125 0.1875
vt 0.375 0.1875
vt 0.375 0
vt 0.3125 0
vt 0.25 0.1875
vt 0.3125 0.1875
vt 0.3125 0
vt 0.25 0
vt 0.4375 0.1875
vt 0.5 0.1875
vt 0.5 0
vt 0.4375 0
vt 0.375 0.1875
vt 0.4375 0.1875
vt 0.4375 0
vt 0.375 0
vt 0.375 0.1875
vt 0.3125 0.1875
vt 0.3125 0.25
vt 0.375 0.25
vt 0.4375 0.25
vt 0.375 0.25
vt 0.375 0.1875
vt 0.4375 0.1875
vn 0 -0.46947156278589075 -0.882947592858927
vn 1 0 0
vn 0 0.46947156278589075 0.882947592858927
vn -1 0 0
vn 0 0.882947592858927 -0.46947156278589075
vn 0 -0.882947592858927 0.46947156278589075
usemtl m_465d6a98-b4aa-75d0-9558-be6b8d9e9c44
f 84/244/61 87/243/61 85/242/61 82/241/61
f 83/248/62 84/247/62 82/246/62 81/245/62
f 88/252/63 83/251/63 81/250/63 86/249/63
f 87/256/64 88/255/64 86/254/64 85/253/64
f 86/260/65 81/259/65 82/258/65 85/257/65
f 87/264/66 84/263/66 83/262/66 88/261/66
o Left Leg Layer
v 0.021874999999999978 0.8298154946551866 0.11682901207725704
v 0.021874999999999978 0.6977766176216549 -0.13149999841431614
v 0.021874999999999978 0.14001268773414988 0.4836036705037342
v 0.021874999999999978 0.00797381070061809 0.23527466001216102
v -0.259375 0.6977766176216549 -0.13149999841431614
v -0.259375 0.8298154946551866 0.11682901207725704
v -0.259375 0.00797381070061809 0.23527466001216102
v -0.259375 0.14001268773414988 0.4836036705037342
vt 0.0625 0.1875
vt 0.125 0.1875
vt 0.125 0
vt 0.0625 0
vt 0 0.1875
vt 0.0625 0.1875
vt 0.0625 0
vt 0 0
vt 0.1875 0.1875
vt 0.25 0.1875
vt 0.25 0
vt 0.1875 0
vt 0.125 0.1875
vt 0.1875 0.1875
vt 0.1875 0
vt 0.125 0
vt 0.125 0.1875
vt 0.0625 0.1875
vt 0.0625 0.25
vt 0.125 0.25
vt 0.1875 0.25
vt 0.125 0.25
vt 0.125 0.1875
vt 0.1875 0.1875
vn 0 -0.46947156278589075 -0.882947592858927
vn 1 0 0
vn 0 0.46947156278589075 0.882947592858927
vn -1 0 0
vn 0 0.882947592858927 -0.46947156278589075
vn 0 -0.882947592858927 0.46947156278589075
usemtl m_465d6a98-b4aa-75d0-9558-be6b8d9e9c44
f 92/268/67 95/267/67 93/266/67 90/265/67
f 91/272/68 92/271/68 90/270/68 89/269/68
f 96/276/69 91/275/69 89/274/69 94/273/69
f 95/280/70 96/279/70 94/278/70 93/277/70
f 94/284/71 89/283/71 90/282/71 93/281/71
f 95/288/72 92/287/72 91/286/72 96/285/72